{
  "advancedEditorSelectedIdentifier" : "ProjectBrowser",
  "openSceneRelativePaths" : [
    "Immersive.usda",
    "Scene.usda"
  ],
  "recentIdentifiers" : {
    "D66134B1-3681-4A8E-AFE5-29F257229F3B" : [

    ]
  },
  "sceneCameraHistory" : {
    "1D572CEB-057A-41C3-B575-04C37501A3C0" : [
      {
        "date" : 747063807.78815305,
        "title" : "Untitled",
        "transform" : [
          1,
          0,
          0,
          0,
          0,
          0.8744504451751709,
          -0.48511481285095215,
          0,
          0,
          0.48511481285095215,
          0.8744504451751709,
          0,
          0,
          3.5004167556762695,
          3.945549488067627,
          1
        ]
      }
    ],
    "D66134B1-3681-4A8E-AFE5-29F257229F3B" : [
      {
        "date" : 747065139.18096006,
        "title" : "Untitled",
        "transform" : [
          -0.033443517982959747,
          6.4067866567540932e-09,
          -0.99944061040878296,
          0,
          -0.23505087196826935,
          0.97195112705230713,
          0.0078653339296579361,
          0,
          0.97140747308731079,
          0.23518241941928864,
          -0.032505493611097336,
          0,
          1.8093801736831665,
          0.039897080510854721,
          -0.99853420257568359,
          1
        ]
      },
      {
        "date" : 747065132.35104299,
        "title" : "Untitled",
        "transform" : [
          0.31672611832618713,
          -2.7680677749941651e-09,
          -0.9485170841217041,
          0,
          -0.1303962916135788,
          0.9905053973197937,
          -0.043541558086872101,
          0,
          0.93951117992401123,
          0.13747385144233704,
          0.31371888518333435,
          0,
          1.7487692832946777,
          0.0068873167037963867,
          -0.96823054552078247,
          1
        ]
      },
      {
        "date" : 747065073.08787501,
        "title" : "Untitled",
        "transform" : [
          0.31672611832618713,
          -2.7680677749941651e-09,
          -0.9485170841217041,
          0,
          -0.1303962916135788,
          0.9905053973197937,
          -0.043541558086872101,
          0,
          0.93951117992401123,
          0.13747385144233704,
          0.31371888518333435,
          0,
          1.4214853048324585,
          0.36572182178497314,
          -0.14534038305282593,
          1
        ]
      },
      {
        "date" : 747065067.85480106,
        "title" : "Untitled",
        "transform" : [
          0.31672611832618713,
          -2.7680677749941651e-09,
          -0.9485170841217041,
          0,
          -0.1303962916135788,
          0.9905053973197937,
          -0.043541558086872101,
          0,
          0.93951117992401123,
          0.13747385144233704,
          0.31371888518333435,
          0,
          2.1073300838470459,
          0.46607786417007446,
          0.083674430847167969,
          1
        ]
      },
      {
        "date" : 747065063.13735104,
        "title" : "Untitled",
        "transform" : [
          0.31672611832618713,
          -2.7680677749941651e-09,
          -0.9485170841217041,
          0,
          -0.1303962916135788,
          0.9905053973197937,
          -0.043541558086872101,
          0,
          0.93951117992401123,
          0.13747385144233704,
          0.31371888518333435,
          0,
          2.1073300838470459,
          0.46607786417007446,
          0.083674430847167969,
          1
        ]
      },
      {
        "date" : 747065060.30559194,
        "title" : "Untitled",
        "transform" : [
          0.66038691997528076,
          1.1658762844035664e-09,
          -0.75092542171478271,
          0,
          -0.10382662713527679,
          0.99039524793624878,
          -0.091308325529098511,
          0,
          0.74371302127838135,
          0.13826487958431244,
          0.65404409170150757,
          0,
          2.0805115699768066,
          0.5548284649848938,
          0.12509799003601074,
          1
        ]
      },
      {
        "date" : 747065059.071545,
        "title" : "Untitled",
        "transform" : [
          0.66038691997528076,
          1.1658762844035664e-09,
          -0.75092542171478271,
          0,
          -0.10382662713527679,
          0.99039524793624878,
          -0.091308325529098511,
          0,
          0.74371302127838135,
          0.13826487958431244,
          0.65404409170150757,
          0,
          2.0805115699768066,
          0.5548284649848938,
          0.12509799003601074,
          1
        ]
      },
      {
        "date" : 747065053.57296205,
        "title" : "Untitled",
        "transform" : [
          0.66038691997528076,
          1.1658762844035664e-09,
          -0.75092542171478271,
          0,
          -0.10382662713527679,
          0.99039524793624878,
          -0.091308325529098511,
          0,
          0.74371302127838135,
          0.13826487958431244,
          0.65404409170150757,
          0,
          1.712695837020874,
          0.5098763108253479,
          0.55284428596496582,
          1
        ]
      },
      {
        "date" : 747065051.30618095,
        "title" : "Untitled",
        "transform" : [
          0.66038691997528076,
          1.1658762844035664e-09,
          -0.75092542171478271,
          0,
          -0.10382662713527679,
          0.99039524793624878,
          -0.091308325529098511,
          0,
          0.74371302127838135,
          0.13826487958431244,
          0.65404409170150757,
          0,
          1.657109260559082,
          0.33478027582168579,
          0.65306711196899414,
          1
        ]
      },
      {
        "date" : 747065045.13823402,
        "title" : "Untitled",
        "transform" : [
          0.90765869617462158,
          -1.4188086261412991e-09,
          -0.41970905661582947,
          0,
          -0.097665764391422272,
          0.97254884243011475,
          -0.21121099591255188,
          0,
          0.40818765759468079,
          0.2326987236738205,
          0.88274240493774414,
          0,
          1.657109260559082,
          0.33478027582168579,
          0.65306711196899414,
          1
        ]
      }
    ]
  },
  "selectedSceneRelativePath" : "Scene.usda"
}