{
  "advancedEditorSelectedIdentifier" : "ProjectBrowser",
  "openSceneRelativePaths" : [
    "Immersive.usda",
    "Scene.usda"
  ],
  "recentIdentifiers" : {
    "D66134B1-3681-4A8E-AFE5-29F257229F3B" : [

    ]
  },
  "sceneCameraHistory" : {
    "1D572CEB-057A-41C3-B575-04C37501A3C0" : [
      {
        "date" : 747063807.78815305,
        "title" : "Untitled",
        "transform" : [
          1,
          0,
          0,
          0,
          0,
          0.8744504451751709,
          -0.48511481285095215,
          0,
          0,
          0.48511481285095215,
          0.8744504451751709,
          0,
          0,
          3.5004167556762695,
          3.945549488067627,
          1
        ]
      }
    ],
    "D66134B1-3681-4A8E-AFE5-29F257229F3B" : [
      {
        "date" : 747066066.578462,
        "title" : "Untitled",
        "transform" : [
          0.99848496913909912,
          1.0911862524665139e-09,
          0.055023223161697388,
          0,
          0.0091127883642911911,
          0.9861900806427002,
          -0.16536633670330048,
          0,
          -0.054263338446617126,
          0.16561722755432129,
          0.98469609022140503,
          0,
          -0.60557597875595093,
          1.6364887952804565,
          1.0517768859863281,
          1
        ]
      },
      {
        "date" : 747066055.56168997,
        "title" : "Untitled",
        "transform" : [
          0.96286040544509888,
          1.2527953119345625e-09,
          -0.26999983191490173,
          0,
          -0.058779500424861908,
          0.97601526975631714,
          -0.20961660146713257,
          0,
          0.26352396607398987,
          0.21770197153091431,
          0.93976640701293945,
          0,
          2.5345420837402344,
          2.1511483192443848,
          0.60781478881835938,
          1
        ]
      },
      {
        "date" : 747066032.38537598,
        "title" : "Untitled",
        "transform" : [
          0.44828042387962341,
          6.322852019735592e-09,
          -0.89389294385910034,
          0,
          -0.23564548790454865,
          0.96462738513946533,
          -0.11817439645528793,
          0,
          0.8622736930847168,
          0.2636171281337738,
          0.43242359161376953,
          0,
          2.5345420837402344,
          2.1511483192443848,
          0.60781478881835938,
          1
        ]
      },
      {
        "date" : 747065989.71443498,
        "title" : "Untitled",
        "transform" : [
          0.44828042387962341,
          6.322852019735592e-09,
          -0.89389294385910034,
          0,
          -0.23564548790454865,
          0.96462738513946533,
          -0.11817439645528793,
          0,
          0.86227357387542725,
          0.26361709833145142,
          0.43242353200912476,
          0,
          3.4600119590759277,
          0.15743640065193176,
          -0.022197866812348366,
          1
        ]
      },
      {
        "date" : 747065139.18096006,
        "title" : "Untitled",
        "transform" : [
          -0.033443517982959747,
          6.4067866567540932e-09,
          -0.99944061040878296,
          0,
          -0.23505087196826935,
          0.97195112705230713,
          0.0078653339296579361,
          0,
          0.97140747308731079,
          0.23518241941928864,
          -0.032505493611097336,
          0,
          1.8093801736831665,
          0.039897080510854721,
          -0.99853420257568359,
          1
        ]
      },
      {
        "date" : 747065132.35104299,
        "title" : "Untitled",
        "transform" : [
          0.31672611832618713,
          -2.7680677749941651e-09,
          -0.9485170841217041,
          0,
          -0.1303962916135788,
          0.9905053973197937,
          -0.043541558086872101,
          0,
          0.93951117992401123,
          0.13747385144233704,
          0.31371888518333435,
          0,
          1.7487692832946777,
          0.0068873167037963867,
          -0.96823054552078247,
          1
        ]
      },
      {
        "date" : 747065073.08787501,
        "title" : "Untitled",
        "transform" : [
          0.31672611832618713,
          -2.7680677749941651e-09,
          -0.9485170841217041,
          0,
          -0.1303962916135788,
          0.9905053973197937,
          -0.043541558086872101,
          0,
          0.93951117992401123,
          0.13747385144233704,
          0.31371888518333435,
          0,
          1.4214853048324585,
          0.36572182178497314,
          -0.14534038305282593,
          1
        ]
      },
      {
        "date" : 747065067.85480106,
        "title" : "Untitled",
        "transform" : [
          0.31672611832618713,
          -2.7680677749941651e-09,
          -0.9485170841217041,
          0,
          -0.1303962916135788,
          0.9905053973197937,
          -0.043541558086872101,
          0,
          0.93951117992401123,
          0.13747385144233704,
          0.31371888518333435,
          0,
          2.1073300838470459,
          0.46607786417007446,
          0.083674430847167969,
          1
        ]
      },
      {
        "date" : 747065063.13735104,
        "title" : "Untitled",
        "transform" : [
          0.31672611832618713,
          -2.7680677749941651e-09,
          -0.9485170841217041,
          0,
          -0.1303962916135788,
          0.9905053973197937,
          -0.043541558086872101,
          0,
          0.93951117992401123,
          0.13747385144233704,
          0.31371888518333435,
          0,
          2.1073300838470459,
          0.46607786417007446,
          0.083674430847167969,
          1
        ]
      },
      {
        "date" : 747065060.30559194,
        "title" : "Untitled",
        "transform" : [
          0.66038691997528076,
          1.1658762844035664e-09,
          -0.75092542171478271,
          0,
          -0.10382662713527679,
          0.99039524793624878,
          -0.091308325529098511,
          0,
          0.74371302127838135,
          0.13826487958431244,
          0.65404409170150757,
          0,
          2.0805115699768066,
          0.5548284649848938,
          0.12509799003601074,
          1
        ]
      }
    ]
  },
  "selectedSceneRelativePath" : "Scene.usda"
}